C,101,0,0,1,3
H,201,1,0,2,4,3
C,102,2,0,3,2
H,202,3,0,1,5,2
C,103,4,0,4,4
H,203,5,0,3,3,2
C,104,6,0,2,5
H,204,7,0,4,2,4
C,105,8,0,1,4
K,12,5,5,1,4
H,205,9,0,3,3,3
C,106,0,1,2,5
H,206,1,1,1,4,2
C,107,2,1,3,2
H,207,3,1,4,5,3
C,108,4,1,1,3
H,208,5,1,2,5,2
C,109,6,1,3,4
H,209,7,1,1,3,4
C,110,8,1,4,5
H,210,9,1,2,3,2
C,111,0,2,1,3
H,211,1,2,3,2,3
C,112,2,2,4,4
H,212,3,2,1,5,4
C,113,4,2,3,2
H,213,5,2,2,4,3
C,114,6,2,1,5
H,214,7,2,3,3,2
C,115,8,2,4,4
H,215,9,2,1,3,4
C,116,0,3,2,5
H,216,1,3,4,4,3
C,117,2,3,3,3
H,217,3,3,1,5,2
C,118,4,3,1,2
H,218,5,3,2,5,4
C,119,6,3,3,4
H,219,7,3,4,4,3
C,120,8,3,1,5
H,220,9,3,2,3,2
C,121,0,4,2,4
H,221,1,4,1,4,3
C,122,2,4,3,3
H,222,3,4,3,5,2
C,123,4,4,4,5
H,223,5,4,2,4,3
C,124,6,4,1,2
H,224,7,4,4,3,4
C,125,8,4,2,5
H,225,9,4,1,4,3
